#
#Wed Nov 30 12:03:42 EST 2011
cdt.managedbuild.config.gnu.exe.debug.424924678.1829920739=1152364104
cdt.managedbuild.config.gnu.exe.debug.424924678.175189256.1979910354=1408233717
cdt.managedbuild.config.gnu.exe.debug.424924678.175189256=92238547
